L1
3 5 7 29 34 36 40 48 52 56 58 60 62 66 
L12
5 7 25 29 34 36 40 48 52 56 58 60 62 66 
L58
5 7 9 29 34 36 40 48 52 56 58 60 62 66 
L21
3 7 29 34 36 40 48 52 56 58 60 62 66 
L36
7 25 29 34 36 40 48 52 56 58 60 62 66 
L26
5 7 25 29 34 36 40 48 52 58 60 62 66 
L17
5 25 29 34 36 40 48 52 56 58 60 62 66 
L61
3 5 7 29 34 36 40 48 52 58 60 62 66 
L23
3 5 7 29 34 36 40 52 56 58 60 62 66 
L20
5 7 9 29 34 36 40 52 56 58 60 62 66 
L30
5 7 25 29 34 36 40 48 52 56 58 60 62 
L60
5 7 9 29 34 36 40 48 52 58 60 62 66 
L5
5 7 9 29 34 36 40 48 52 56 58 60 66 
L69
3 5 7 29 34 36 40 48 52 56 58 60 62 
L33
5 7 25 29 36 40 48 52 56 58 60 62 66 
L88
5 7 25 29 34 36 40 48 52 56 58 60 66 
L24
3 5 7 29 34 40 48 52 56 58 60 62 66 
L53
3 5 7 29 34 36 48 52 56 58 60 62 66 
L35
3 5 7 29 34 36 40 48 56 58 60 62 66 
L40
5 7 25 29 34 36 40 48 56 58 60 62 66 
L96
5 7 25 34 36 40 48 52 56 58 60 62 66 
L34
3 7 9 29 36 40 48 52 56 58 60 62 66 
L85
3 7 25 29 36 40 48 52 56 58 60 62 66 
L22
3 5 7 9 29 34 40 52 56 58 60 62 66 
L57
3 9 29 34 36 40 48 52 56 58 60 62 66 
L47
3 7 9 29 34 36 40 48 52 56 58 60 62 
L52
9 25 29 34 36 40 48 52 56 58 60 62 66 
L65
5 25 29 34 36 40 48 52 58 60 62 66 
L50
7 25 29 34 36 40 48 52 56 58 60 62 
L87
5 7 25 29 34 36 40 48 52 58 60 66 
L49
7 25 29 34 36 40 48 52 56 58 60 66 
L51
5 7 9 29 34 40 52 56 58 60 62 66 
L89
3 5 7 29 34 36 40 48 52 58 60 66 
L106
5 7 25 29 36 40 48 52 58 60 62 66 
L91
5 7 9 29 34 36 40 52 56 58 60 62 
L67
5 9 29 34 36 40 48 52 56 58 60 62 
L90
5 25 29 36 40 48 52 56 58 60 62 66 
L93
5 7 9 29 34 36 40 48 52 56 58 60 
L98
5 7 25 29 36 40 48 52 56 58 60 66 
L54
3 7 29 34 36 48 52 56 58 60 62 66 
L42
5 7 25 29 34 36 40 48 58 60 62 66 
L94
5 25 34 36 40 48 52 56 58 60 62 66 
L114
5 7 25 29 34 36 40 48 52 56 58 62 
L117
5 7 9 29 34 36 40 48 52 56 58 62 
L118
3 5 7 29 34 36 40 48 52 56 58 62 
L43
5 7 9 29 34 36 48 52 56 58 60 66 
L110
5 7 25 29 36 48 52 56 58 60 62 66 
L79
3 7 9 29 36 40 48 52 56 58 60 62 
L81
3 7 25 29 36 40 48 52 56 58 60 62 
L104
5 7 9 29 34 36 40 48 52 56 60 66 
L72
3 7 9 29 34 36 40 48 52 58 60 66 
L77
3 7 9 29 36 40 48 52 56 58 60 66 
L84
3 7 25 29 34 36 40 48 52 58 60 66 
L100
7 9 25 29 34 36 40 48 52 56 58 60 
L109
5 9 25 29 36 40 48 52 58 60 62 66 
L111
3 7 9 29 36 48 52 56 58 60 62 66 
L92
3 5 7 9 29 34 36 40 52 56 58 62 
L46
3 7 9 29 34 36 48 52 56 58 60 66 
L97
7 25 36 40 48 52 56 58 60 62 66 
L115
5 7 9 29 34 36 40 52 56 58 62 
L112
5 7 25 29 36 48 52 58 60 62 66 
L107
5 7 25 29 36 40 48 58 60 62 66 
L73
3 7 25 29 36 40 48 52 58 60 66 
L95
9 25 36 40 48 52 56 58 60 62 66 
L99
3 7 9 29 34 36 48 52 56 58 60 
L113
5 7 36 40 48 52 56 58 60 62 
L103
7 25 36 40 48 52 56 58 60 62 
L116
5 7 25 29 34 36 48 52 56 58 
L102
9 25 36 40 48 52 56 58 60 62 
L119
5 9 36 40 48 52 56 58 62 
L18
3 9 42 64 
L2
9 42 64 
L6
3 42 64 
L31
3 9 42 
L14
25 42 64 
L7
9 25 42 
L32
3 9 64 
L76
3 9 31 
L48
3 31 42 
L44
3 25 42 
L38
31 42 64 
L10
9 25 44 
L39
42 64 72 
L68
3 31 64 
L101
3 25 31 
L29
9 25 64 
L37
42 44 64 
L13
9 42 44 
L82
9 31 42 
L16
25 42 44 
L45
3 25 44 
L62
9 25 46 
L70
42 46 64 
L71
9 25 
L83
9 42 
L75
25 42 
L15
9 64 
L105
3 31 
L41
9 44 
L63
3 64 
L3
25 44 
L64
25 64 
L27
25 46 
L74
9 17 
L80
3 17 
L66
9 31 
L59
31 42 
L108
42 44 
L28
25 31 
L86
42 46 
L56
44 64 
L19
31 64 
L78
17 25 
L11
46 64 
L55
64 72 
L8
44 46 
L9
31 44 
L4
31 46 
L25
44 74 
