1 3 6 11 148 218 --- 9657
6 7 11 27 148 218 --- 7018
1 6 7 11 148 218 --- 6287
6 7 11 27 28 32 --- 5672
1 6 11 90 148 218 --- 5496
1 6 11 27 148 218 --- 5280
3 6 7 11 148 218 --- 5266
6 7 11 83 85 86 --- 5064
1 6 11 148 218 --- 22444
3 6 11 148 218 --- 21528
3 6 7 11 27 --- 13574
6 7 11 148 218 --- 12057
1 3 6 11 218 --- 11091
1 3 6 148 218 --- 10638
1 3 6 11 148 --- 10493
1 6 7 11 27 --- 10347
6 7 11 27 87 --- 10027
6 11 27 148 218 --- 9911
1 3 11 148 218 --- 9686
6 7 11 27 83 --- 8956
6 7 11 27 205 --- 8932
6 11 64 148 218 --- 8737
6 11 90 148 218 --- 8672
6 11 77 148 218 --- 8459
6 7 11 27 218 --- 8159
6 11 148 218 987 --- 8124
1 3 6 7 11 --- 8002
6 7 11 27 148 --- 7632
6 7 11 27 897 --- 7613
6 7 27 148 218 --- 7551
6 11 25 148 218 --- 7155
6 7 11 28 32 --- 7153
6 11 148 218 303 --- 7140
1 6 7 11 218 --- 7055
7 11 27 148 218 --- 7026
6 11 148 218 255 --- 6993
6 7 11 27 278 --- 6866
1 6 7 148 218 --- 6748
1 6 7 11 148 --- 6743
6 7 27 28 32 --- 6707
1 3 6 11 27 --- 6624
6 7 83 85 86 --- 6318
1 7 11 148 218 --- 6290
3 6 7 11 218 --- 6286
6 11 138 148 218 --- 6227
6 11 135 148 218 --- 6205
6 11 148 218 254 --- 6170
6 7 11 27 32 --- 6110
6 11 40 148 218 --- 6078
6 11 83 148 218 --- 6052
6 11 148 218 512 --- 6034
6 7 11 85 86 --- 5927
6 11 148 155 218 --- 5899
6 11 27 28 32 --- 5891
1 6 11 27 218 --- 5855
1 6 11 90 218 --- 5850
3 6 7 11 148 --- 5790
1 6 11 148 987 --- 5788
3 6 7 148 218 --- 5771
6 11 148 218 273 --- 5750
6 11 148 218 364 --- 5745
1 6 90 148 218 --- 5727
3 6 7 11 83 --- 5726
6 7 11 27 28 --- 5713
7 11 27 28 32 --- 5710
1 6 11 90 148 --- 5702
3 6 7 11 87 --- 5645
1 6 11 27 148 --- 5630
1 6 27 148 218 --- 5591
6 11 56 148 218 --- 5581
6 11 148 218 438 --- 5501
1 11 90 148 218 --- 5500
6 11 148 218 229 --- 5445
6 7 11 83 85 --- 5425
6 11 148 218 316 --- 5415
3 6 7 27 87 --- 5336
1 6 11 64 218 --- 5323
1 3 6 7 27 --- 5309
1 11 27 148 218 --- 5283
3 7 11 148 218 --- 5276
6 7 27 85 86 --- 5271
1 6 11 77 218 --- 5210
6 7 11 27 321 --- 5206
6 11 69 148 218 --- 5202
1 6 64 148 218 --- 5180
1 6 11 64 148 --- 5152
6 7 11 83 86 --- 5133
6 11 136 148 218 --- 5125
6 11 148 218 504 --- 5109
3 6 11 27 218 --- 5098
1 6 11 77 148 --- 5088
6 11 83 85 86 --- 5081
7 11 83 85 86 --- 5067
1 6 77 148 218 --- 5044
1 3 6 11 64 --- 5042
6 11 148 218 --- 49866
1 3 6 11 --- 37743
6 7 11 27 --- 30567
3 6 11 218 --- 26501
1 6 11 218 --- 25608
3 6 7 11 --- 24971
1 6 148 218 --- 24709
3 6 148 218 --- 24526
1 6 11 148 --- 24242
3 6 11 148 --- 23969
1 11 148 218 --- 22502
3 11 148 218 --- 21630
3 6 11 27 --- 20086
1 6 7 11 --- 18035
3 6 7 27 --- 16581
1 6 11 27 --- 14906
6 7 11 218 --- 14267
3 7 11 27 --- 13689
6 7 11 148 --- 13216
6 7 148 218 --- 13204
3 6 11 77 --- 13198
3 6 11 64 --- 13146
1 3 6 218 --- 13060
6 7 11 83 --- 12961
6 7 11 87 --- 12704
7 11 148 218 --- 12071
6 7 27 87 --- 12028
1 6 7 27 --- 11895
1 3 6 148 --- 11705
1 6 11 64 --- 11640
6 11 27 218 --- 11562
3 4 6 11 --- 11494
6 11 148 987 --- 11368
1 6 11 77 --- 11340
6 11 27 205 --- 11323
1 3 11 218 --- 11176
6 7 11 205 --- 11110
1 3 148 218 --- 10885
6 7 27 83 --- 10865
6 11 27 148 --- 10779
6 27 148 218 --- 10684
6 7 27 205 --- 10630
6 11 27 83 --- 10546
1 3 11 148 --- 10544
6 11 27 87 --- 10530
3 6 11 83 --- 10487
1 7 11 27 --- 10384
3 6 11 55 --- 10195
7 11 27 87 --- 10099
1 6 11 90 --- 10027
6 11 64 218 --- 9973
11 27 148 218 --- 9925
6 7 11 897 --- 9853
6 11 77 218 --- 9707
1 3 6 7 --- 9646
6 64 148 218 --- 9597
6 11 64 148 --- 9455
3 6 11 138 --- 9373
6 11 90 218 --- 9329
6 11 77 148 --- 9293
6 77 148 218 --- 9209
6 148 218 987 --- 9173
6 7 27 897 --- 9165
6 90 148 218 --- 9099
6 11 90 148 --- 9066
6 7 27 218 --- 9048
1 6 11 138 --- 9028
7 11 27 205 --- 9001
7 11 27 83 --- 8965
2 3 6 11 --- 8934
1 6 11 83 --- 8782
11 64 148 218 --- 8754
11 90 148 218 --- 8684
6 11 218 987 --- 8660
6 7 28 32 --- 8541
6 11 27 49 --- 8526
6 11 27 278 --- 8499
11 77 148 218 --- 8477
6 7 11 278 --- 8461
6 7 27 148 --- 8259
7 11 27 218 --- 8172
11 148 218 987 --- 8149
1 3 7 11 --- 8087
3 6 11 90 --- 8079
6 7 27 278 --- 8078
6 11 27 897 --- 7989
1 3 6 27 --- 7920
1 6 11 135 --- 7848
6 11 218 303 --- 7827
1 6 7 218 --- 7826
3 6 11 40 --- 7782
6 7 11 32 --- 7745
6 148 218 303 --- 7718
6 11 148 303 --- 7711
1 6 11 136 --- 7700
7 11 27 897 --- 7674
6 25 148 218 --- 7658
7 11 27 148 --- 7643
1 6 11 40 --- 7641
6 148 218 255 --- 7632
1 6 11 438 --- 7615
7 27 148 218 --- 7611
3 6 11 316 --- 7575
3 6 11 136 --- 7494
6 11 25 218 --- 7488
6 11 28 32 --- 7471
3 6 11 69 --- 7456
1 6 11 303 --- 7423
6 7 11 77 --- 7372
6 7 85 86 --- 7335
6 11 138 218 --- 7291
6 11 25 148 --- 7283
1 6 7 148 --- 7263
6 7 27 32 --- 7235
3 6 7 218 --- 7228
6 7 11 28 --- 7211
3 6 11 438 --- 7209
7 11 28 32 --- 7208
11 25 148 218 --- 7163
11 148 218 303 --- 7155
7 27 28 32 --- 7121
6 11 83 218 --- 7108
6 11 218 255 --- 7100
1 7 11 218 --- 7063
6 7 11 64 --- 7060
3 6 7 83 --- 7020
1 6 11 316 --- 7006
11 148 218 255 --- 7004
6 11 148 255 --- 7000
6 138 148 218 --- 6995
6 27 28 32 --- 6989
1 6 11 56 --- 6987
7 11 27 278 --- 6914
6 11 40 218 --- 6909
3 6 11 205 --- 6883
3 6 11 215 --- 6880
1 2 6 11 --- 6874
6 11 138 148 --- 6830
3 6 7 87 --- 6816
6 11 135 218 --- 6808
1 7 148 218 --- 6801
6 7 83 85 --- 6796
3 6 11 135 --- 6792
6 7 27 28 --- 6761
1 7 11 148 --- 6750
6 40 148 218 --- 6748
1 6 11 69 --- 6709
3 6 11 303 --- 6704
1 3 11 27 --- 6703
6 11 40 148 --- 6642
6 11 83 148 --- 6628
6 148 218 254 --- 6617
6 7 11 85 --- 6586
6 83 148 218 --- 6570
6 11 135 148 --- 6543
6 135 148 218 --- 6486
3 6 11 446 --- 6475
6 11 218 512 --- 6420
6 7 83 86 --- 6405
3 6 7 148 --- 6394
6 11 218 273 --- 6389
6 148 218 512 --- 6386
6 11 218 254 --- 6386
1 6 27 218 --- 6384
1 6 148 987 --- 6378
6 7 11 321 --- 6359
6 11 27 32 --- 6359
7 83 85 86 --- 6339
1 4 6 11 --- 6339
6 83 85 86 --- 6336
1 6 11 273 --- 6323
3 7 11 218 --- 6307
1 6 11 987 --- 6291
1 6 11 446 --- 6288
6 11 148 254 --- 6272
1 6 90 218 --- 6262
11 138 148 218 --- 6245
6 11 148 512 --- 6237
1 6 11 55 --- 6234
6 148 218 273 --- 6231
6 148 155 218 --- 6228
6 11 155 218 --- 6226
11 135 148 218 --- 6210
11 148 218 254 --- 6179
7 11 27 32 --- 6156
6 7 27 321 --- 6153
6 11 218 316 --- 6130
2 6 7 11 --- 6122
6 11 218 438 --- 6109
6 11 148 273 --- 6099
3 6 11 87 --- 6097
11 40 148 218 --- 6092
6 11 56 218 --- 6088
6 7 11 86 --- 6087
6 11 218 364 --- 6071
6 148 218 364 --- 6071
1 6 11 25 --- 6067
11 83 148 218 --- 6057
1 3 6 64 --- 6050
11 148 218 512 --- 6041
6 11 148 155 --- 6038
3 6 27 205 --- 6015
6 7 11 138 --- 6012
1 6 11 512 --- 6002
1 6 27 148 --- 5982
6 11 69 218 --- 5960
6 11 85 86 --- 5956
1 6 90 148 --- 5948
6 11 27 77 --- 5946
6 11 27 28 --- 5943
7 11 85 86 --- 5939
11 27 28 32 --- 5929
6 11 148 364 --- 5929
1 6 64 218 --- 5927
3 6 7 205 --- 5927
6 11 148 438 --- 5922
6 11 136 662 --- 5916
11 148 155 218 --- 5904
6 11 56 148 --- 5895
6 11 136 218 --- 5890
6 7 27 85 --- 5881
6 11 148 316 --- 5872
1 11 27 218 --- 5863
1 11 90 218 --- 5854
3 7 148 218 --- 5844
6 56 148 218 --- 5823
6 11 27 64 --- 5820
3 6 11 56 --- 5813
6 148 218 229 --- 5804
3 7 11 148 --- 5804
1 11 148 987 --- 5796
6 148 218 316 --- 5789
1 90 148 218 --- 5763
1 6 77 218 --- 5762
11 148 218 273 --- 5757
7 11 27 28 --- 5751
1 3 6 77 --- 5749
11 148 218 364 --- 5748
3 6 27 218 --- 5738
3 7 11 83 --- 5735
6 11 218 229 --- 5734
1 6 11 364 --- 5712
2 6 11 218 --- 5709
1 11 90 148 --- 5706
1 6 11 215 --- 5705
3 6 11 987 --- 5700
6 148 218 438 --- 5688
3 7 11 87 --- 5683
3 7 27 87 --- 5683
6 11 69 148 --- 5658
1 6 11 155 --- 5654
1 27 148 218 --- 5637
1 11 27 148 --- 5635
3 6 148 987 --- 5632
6 11 218 504 --- 5627
6 11 27 321 --- 5625
3 6 27 87 --- 5617
11 56 148 218 --- 5584
6 11 136 148 --- 5584
6 148 218 504 --- 5580
6 69 148 218 --- 5570
6 11 148 229 --- 5567
3 6 27 83 --- 5563
6 136 148 218 --- 5563
1 6 7 83 --- 5555
1 6 64 148 --- 5539
1 6 11 269 --- 5538
1 3 7 27 --- 5511
6 11 218 446 --- 5504
11 148 218 438 --- 5502
1 6 11 205 --- 5468
6 11 83 85 --- 5454
11 148 218 229 --- 5451
1 6 77 148 --- 5447
7 11 83 85 --- 5428
6 11 148 504 --- 5428
2 6 148 218 --- 5427
11 148 218 316 --- 5426
6 11 64 77 --- 5407
6 7 27 86 --- 5403
3 6 11 278 --- 5393
1 6 218 987 --- 5386
2 6 11 148 --- 5382
6 7 83 87 --- 5374
3 6 11 737 --- 5367
3 6 11 273 --- 5354
7 27 85 86 --- 5350
1 11 64 218 --- 5341
6 27 85 86 --- 5288
6 148 218 747 --- 5283
6 11 27 215 --- 5274
6 148 218 446 --- 5269
6 7 87 897 --- 5260
3 6 7 897 --- 5254
7 11 27 321 --- 5239
1 64 148 218 --- 5237
6 11 218 269 --- 5222
1 11 77 218 --- 5218
11 69 148 218 --- 5210
6 11 218 747 --- 5209
6 11 148 446 --- 5197
6 11 83 86 --- 5178
1 11 64 148 --- 5164
11 136 148 218 --- 5140
7 11 83 86 --- 5136
11 148 218 504 --- 5122
3 11 27 218 --- 5121
3 6 27 148 --- 5117
1 3 11 64 --- 5109
6 148 218 269 --- 5102
1 77 148 218 --- 5096
6 11 148 747 --- 5095
1 11 77 148 --- 5095
11 83 85 86 --- 5084
1 148 218 987 --- 5061
6 11 148 269 --- 5049
3 6 11 269 --- 5038
6 7 11 49 --- 5036
6 11 205 215 --- 5035
6 7 11 934 --- 5021
3 6 64 218 --- 5013
1 6 11 254 --- 5009
3 6 11 --- 143682
1 6 11 --- 86092
6 11 218 --- 60630
1 3 6 --- 57802
6 148 218 --- 56838
6 7 11 --- 55835
6 11 148 --- 55230
11 148 218 --- 50098
6 11 27 --- 44923
1 3 11 --- 40268
6 7 27 --- 37397
3 6 218 --- 33978
3 6 7 --- 32895
7 11 27 --- 30839
1 6 218 --- 30182
6 11 64 --- 29865
6 11 77 --- 29830
3 6 148 --- 28097
1 6 148 --- 27020
3 11 218 --- 26973
3 6 27 --- 26522
1 11 218 --- 25790
3 7 11 --- 25533
3 148 218 --- 25363
1 148 218 --- 25267
4 6 11 --- 24408
1 11 148 --- 24345
3 11 148 --- 24207
6 11 83 --- 23881
6 11 55 --- 21940
1 6 7 --- 21733
3 4 6 --- 21112
6 11 138 --- 21008
3 11 27 --- 20629
2 6 11 --- 19624
6 11 90 --- 18979
1 7 11 --- 18220
3 6 55 --- 17975
6 11 40 --- 17862
3 7 27 --- 17830
1 6 27 --- 17828
3 6 64 --- 17455
6 11 316 --- 17311
6 11 136 --- 16962
6 11 69 --- 16824
3 6 77 --- 16731
6 11 438 --- 16564
6 7 218 --- 16389
6 7 83 --- 15964
6 11 135 --- 15747
6 11 205 --- 15673
6 11 303 --- 15559
6 7 87 --- 15435
6 11 215 --- 15309
1 11 27 --- 15077
6 11 446 --- 14632
6 7 148 --- 14585
7 11 218 --- 14307
1 6 64 --- 14001
1 3 218 --- 13928
6 11 87 --- 13696
6 27 205 --- 13663
3 11 64 --- 13518
2 3 6 --- 13515
3 11 77 --- 13482
6 11 56 --- 13418
6 7 205 --- 13372
7 148 218 --- 13366
7 11 148 --- 13244
1 6 77 --- 13216
3 6 83 --- 13167
6 11 987 --- 13061
6 27 218 --- 13033
6 148 987 --- 12993
7 11 83 --- 12983
3 4 11 --- 12872
3 6 138 --- 12809
7 11 87 --- 12800
7 27 87 --- 12775
6 27 83 --- 12712
6 27 87 --- 12653
6 11 737 --- 12413
6 11 273 --- 12363
1 7 27 --- 12352
6 11 278 --- 12249
1 3 148 --- 12165
6 7 897 --- 11942
1 11 64 --- 11795
6 27 148 --- 11727
11 27 218 --- 11606
6 64 218 --- 11586
6 11 269 --- 11558
1 11 77 --- 11434
11 27 205 --- 11405
11 148 987 --- 11404
3 11 55 --- 11323
7 27 205 --- 11266
7 11 205 --- 11199
1 6 138 --- 11193
6 77 218 --- 11179
6 11 512 --- 11049
7 27 83 --- 10960
1 6 90 --- 10923
6 11 49 --- 10857
6 11 314 --- 10844
27 148 218 --- 10817
11 27 148 --- 10802
6 11 25 --- 10712
6 11 897 --- 10626
11 27 87 --- 10610
3 11 83 --- 10578
11 27 83 --- 10559
1 3 7 --- 10548
6 64 148 --- 10455
6 218 987 --- 10349
6 11 364 --- 10330
1 6 83 --- 10293
6 11 294 --- 10228
6 77 148 --- 10178
6 90 218 --- 10093
6 27 278 --- 10076
1 11 90 --- 10047
6 7 278 --- 10026
11 64 218 --- 10008
3 6 316 --- 9956
7 11 897 --- 9934
6 11 504 --- 9918
6 11 155 --- 9850
1 4 6 --- 9805
64 148 218 --- 9744
11 77 218 --- 9740
7 27 897 --- 9740
3 6 40 --- 9721
3 11 138 --- 9649
6 27 897 --- 9644
6 11 423 --- 9633
6 90 148 --- 9522
2 3 11 --- 9487
11 64 148 --- 9482
6 27 49 --- 9466
3 6 136 --- 9413
148 218 987 --- 9388
11 90 218 --- 9341
77 148 218 --- 9330
11 77 148 --- 9319
6 7 32 --- 9264
90 148 218 --- 9187
3 6 294 --- 9187
7 27 218 --- 9182
1 11 138 --- 9128
7 28 32 --- 9102
1 6 55 --- 9088
11 90 148 --- 9078
3 6 90 --- 9057
3 6 69 --- 9040
6 28 32 --- 8955
1 6 40 --- 8912
1 6 136 --- 8904
6 218 303 --- 8895
6 138 218 --- 8818
1 11 83 --- 8810
1 3 27 --- 8773
1 2 6 --- 8769
6 11 254 --- 8729
11 218 987 --- 8690
6 11 361 --- 8645
6 7 28 --- 8622
7 27 278 --- 8604
3 6 205 --- 8575
11 27 278 --- 8564
1 6 135 --- 8548
11 27 49 --- 8547
3 6 446 --- 8538
7 11 278 --- 8532
1 6 303 --- 8462
6 11 229 --- 8450
6 11 378 --- 8438
6 11 379 --- 8415
3 6 215 --- 8384
6 11 667 --- 8354
6 148 303 --- 8354
7 27 148 --- 8346
6 7 77 --- 8308
6 25 218 --- 8303
6 7 85 --- 8286
6 11 32 --- 8273
1 6 438 --- 8226
6 11 14 --- 8201
3 6 303 --- 8189
6 7 64 --- 8158
6 40 218 --- 8136
1 6 316 --- 8134
3 11 90 --- 8119
6 83 218 --- 8078
11 27 897 --- 8055
3 6 438 --- 7991
6 218 255 --- 7949
6 11 747 --- 7948
1 7 218 --- 7930
3 11 40 --- 7866
1 11 135 --- 7862
11 218 303 --- 7848
148 218 303 --- 7841
3 11 316 --- 7817
7 11 32 --- 7810
6 25 148 --- 7795
1 11 136 --- 7744
6 138 148 --- 7743
148 218 255 --- 7739
25 148 218 --- 7730
11 148 303 --- 7729
7 27 32 --- 7692
6 11 28 --- 7680
1 11 40 --- 7679
3 6 135 --- 7676
1 6 69 --- 7646
6 148 255 --- 7640
1 6 56 --- 7628
1 11 438 --- 7620
3 11 136 --- 7611
6 27 32 --- 7563
6 7 321 --- 7560
3 11 69 --- 7552
6 7 86 --- 7534
11 28 32 --- 7529
11 25 218 --- 7499
6 11 916 --- 7482
7 85 86 --- 7470
3 6 87 --- 7465
1 11 303 --- 7461
3 7 218 --- 7445
1 6 446 --- 7444
27 28 32 --- 7435
6 40 148 --- 7423
6 11 21 --- 7404
6 135 218 --- 7403
6 11 46 --- 7387
7 11 77 --- 7386
6 85 86 --- 7367
6 218 273 --- 7357
1 7 148 --- 7332
11 138 218 --- 7318
1 6 987 --- 7298
3 7 87 --- 7293
11 25 148 --- 7291
1 6 273 --- 7268
7 11 28 --- 7266
6 11 490 --- 7261
2 6 7 --- 7244
6 83 148 --- 7232
3 11 438 --- 7230
6 11 255 --- 7219
3 6 987 --- 7177
7 27 28 --- 7176
138 148 218 --- 7171
6 11 321 --- 7140
3 6 278 --- 7138
11 83 218 --- 7116
3 7 83 --- 7113
11 218 255 --- 7111
7 11 64 --- 7097
1 11 316 --- 7083
6 11 1644 --- 7082
6 27 28 --- 7061
6 7 138 --- 7060
6 11 259 --- 7050
1 2 11 --- 7044
6 136 662 --- 7043
6 218 254 --- 7027
11 148 255 --- 7011
1 11 56 --- 7001
3 11 215 --- 6993
6 218 512 --- 6980
6 11 230 --- 6966
3 11 205 --- 6964
11 40 218 --- 6927
6 218 316 --- 6897
6 11 762 --- 6887
11 138 148 --- 6857
6 135 148 --- 6850
40 148 218 --- 6848
6 83 85 --- 6829
3 11 135 --- 6827
7 83 85 --- 6819
11 135 218 --- 6814
6 136 218 --- 6813
3 11 303 --- 6811
6 155 218 --- 6788
1 4 11 --- 6781
3 6 737 --- 6781
6 11 521 --- 6779
6 69 218 --- 6771
1 11 69 --- 6750
2 6 218 --- 6746
6 148 254 --- 6725
6 11 85 --- 6705
1 6 25 --- 6704
6 11 670 --- 6703
148 218 254 --- 6700
6 27 321 --- 6679
6 218 364 --- 6675
3 6 273 --- 6665
11 40 148 --- 6659
1 3 64 --- 6656
3 11 446 --- 6654
11 83 148 --- 6633
6 27 64 --- 6631
6 148 273 --- 6628
3 6 269 --- 6623
83 148 218 --- 6621
1 3 4 --- 6617
6 27 77 --- 6614
6 11 540 --- 6608
1 11 55 --- 6608
7 11 85 --- 6604
6 148 512 --- 6601
6 56 218 --- 6596
6 11 73 --- 6585
3 6 56 --- 6584
6 11 777 --- 6549
11 135 148 --- 6549
1 6 512 --- 6538
7 27 321 --- 6530
6 218 504 --- 6529
6 11 506 --- 6510
135 148 218 --- 6508
3 7 148 --- 6505
6 11 281 --- 6504
6 218 438 --- 6495
1 148 987 --- 6485
1 6 215 --- 6476
6 83 86 --- 6465
1 27 218 --- 6463
1 6 269 --- 6460
148 218 512 --- 6448
7 83 86 --- 6436
11 218 512 --- 6427
6 11 640 --- 6413
11 27 32 --- 6408
6 11 86 --- 6407
11 218 273 --- 6403
7 11 321 --- 6402
11 218 254 --- 6399
6 148 155 --- 6386
3 27 205 --- 6385
6 11 662 --- 6374
6 218 229 --- 6367
6 218 446 --- 6360
83 85 86 --- 6358
1 11 273 --- 6356
1 11 446 --- 6349
3 6 490 --- 6347
1 6 205 --- 6341
6 148 316 --- 6323
148 218 273 --- 6317
1 11 987 --- 6313
6 11 260 --- 6313
6 11 644 --- 6312
1 6 364 --- 6305
1 90 218 --- 6303
3 7 205 --- 6301
148 155 218 --- 6283
11 148 254 --- 6281
6 11 514 --- 6276
6 148 364 --- 6274
11 148 512 --- 6244
6 11 357 --- 6232
11 155 218 --- 6231
6 11 1132 --- 6222
6 64 77 --- 6207
6 11 491 --- 6192
1 6 155 --- 6190
2 7 11 --- 6170
6 56 148 --- 6167
6 11 89 --- 6162
3 11 87 --- 6161
11 218 316 --- 6152
1 3 77 --- 6151
6 148 438 --- 6140
11 218 438 --- 6112
11 148 273 --- 6106
7 11 86 --- 6099
148 218 364 --- 6098
11 56 218 --- 6093
6 136 148 --- 6090
6 69 148 --- 6083
6 11 142 --- 6082
1 11 25 --- 6078
6 11 2952 --- 6078
11 218 364 --- 6077
6 11 494 --- 6060
1 27 148 --- 6048
6 218 269 --- 6044
11 148 155 --- 6043
7 11 138 --- 6037
1 64 218 --- 6023
1 11 512 --- 6012
3 27 87 --- 6008
2 6 148 --- 6007
6 11 531 --- 6005
7 27 85 --- 5987
1 90 148 --- 5984
11 27 28 --- 5981
6 55 218 --- 5975
11 69 218 --- 5973
11 85 86 --- 5969
11 136 662 --- 5964
11 27 77 --- 5958
6 148 504 --- 5952
6 11 290 --- 5949
6 7 934 --- 5946
6 148 229 --- 5936
11 148 364 --- 5933
6 27 85 --- 5925
11 148 438 --- 5923
3 27 218 --- 5915
11 136 218 --- 5910
6 27 215 --- 5909
11 56 148 --- 5898
11 148 316 --- 5891
6 11 522 --- 5880
148 218 316 --- 5859
11 27 64 --- 5851
3 11 56 --- 5842
148 218 229 --- 5840
56 148 218 --- 5839
1 77 218 --- 5838
6 11 1025 --- 5819
6 11 45 --- 5814
4 6 218 --- 5794
3 6 897 --- 5776
6 83 87 --- 5766
3 11 987 --- 5763
3 148 987 --- 5761
1 11 215 --- 5754
2 11 218 --- 5747
11 218 229 --- 5743
3 6 314 --- 5738
1 11 364 --- 5724
6 218 747 --- 5717
1 6 737 --- 5713
1 3 55 --- 5712
6 205 215 --- 5706
4 6 7 --- 5694
148 218 438 --- 5691
148 218 504 --- 5682
6 148 446 --- 5679
6 11 233 --- 5676
11 69 148 --- 5668
6 11 934 --- 5668
11 27 321 --- 5666
136 148 218 --- 5662
1 11 155 --- 5658
1 6 314 --- 5653
11 218 504 --- 5646
6 7 49 --- 5638
3 27 83 --- 5632
1 6 504 --- 5625
3 7 897 --- 5624
69 148 218 --- 5618
1 64 148 --- 5604
11 136 148 --- 5603
1 7 83 --- 5587
6 7 215 --- 5585
7 87 897 --- 5580
1 11 269 --- 5576
11 148 229 --- 5573
3 11 278 --- 5559
6 11 71 --- 5547
3 11 294 --- 5543
6 11 633 --- 5541
2 148 218 --- 5540
6 148 269 --- 5536
6 11 537 --- 5535
3 6 504 --- 5520
11 218 446 --- 5514
1 77 148 --- 5512
1 11 205 --- 5504
7 27 86 --- 5493
1 218 987 --- 5484
6 40 77 --- 5484
6 11 1838 --- 5472
6 11 470 --- 5470
6 27 86 --- 5462
6 215 218 --- 5459
11 83 85 --- 5457
1 6 254 --- 5453
3 11 273 --- 5452
6 11 492 --- 5452
6 87 897 --- 5452
3 11 737 --- 5446
11 148 504 --- 5442
6 11 473 --- 5431
6 11 435 --- 5428
11 64 77 --- 5427
1 3 138 --- 5425
2 11 148 --- 5414
7 83 87 --- 5407
6 148 747 --- 5401
3 6 73 --- 5394
6 7 69 --- 5391
6 11 237 --- 5382
27 85 86 --- 5370
6 11 235 --- 5364
3 6 512 --- 5358
2 6 27 --- 5349
6 7 265 --- 5337
6 11 568 --- 5336
148 218 446 --- 5334
1 6 229 --- 5330
148 218 747 --- 5323
3 6 49 --- 5321
6 11 584 --- 5312
6 11 845 --- 5312
1 6 87 --- 5302
6 71 77 --- 5294
6 7 90 --- 5291
11 27 215 --- 5290
3 6 25 --- 5277
6 27 138 --- 5270
6 7 55 --- 5258
11 218 269 --- 5241
6 11 158 --- 5228
3 27 148 --- 5227
6 218 314 --- 5224
6 11 686 --- 5222
11 218 747 --- 5218
11 148 446 --- 5203
6 218 361 --- 5199
148 218 269 --- 5187
11 83 86 --- 5182
6 11 265 --- 5178
6 11 358 --- 5173
3 11 269 --- 5161
3 64 218 --- 5156
6 11 12 --- 5142
6 273 303 --- 5136
1 6 423 --- 5127
7 27 49 --- 5116
1 6 379 --- 5111
1 7 87 --- 5102
11 148 747 --- 5100
3 6 364 --- 5089
6 205 218 --- 5088
6 64 670 --- 5080
6 7 136 --- 5079
1 6 278 --- 5069
11 148 269 --- 5063
1 218 303 --- 5056
7 11 49 --- 5054
7 11 934 --- 5054
11 205 215 --- 5053
6 218 230 --- 5052
6 11 2072 --- 5047
1 6 747 --- 5029
1 11 254 --- 5020
6 11 829 --- 5019
6 27 934 --- 5012
6 148 215 --- 5007
1 25 218 --- 5000
6 11 --- 324013
3 6 --- 265180
3 11 --- 161286
1 6 --- 132113
1 11 --- 91882
1 3 --- 84660
6 218 --- 77675
6 7 --- 73610
6 148 --- 64750
11 218 --- 61656
6 27 --- 59418
148 218 --- 58823
7 11 --- 57074
11 148 --- 55759
11 27 --- 46103
4 6 --- 45377
7 27 --- 40235
6 64 --- 39697
6 55 --- 38875
3 218 --- 38673
3 7 --- 38659
6 77 --- 37654
3 4 --- 35438
1 218 --- 32127
3 27 --- 32027
11 64 --- 30677
11 77 --- 30409
3 148 --- 30330
6 83 --- 29983
3 55 --- 29663
2 6 --- 29619
6 138 --- 28750
1 148 --- 28049
4 11 --- 27433
11 55 --- 24334
11 83 --- 24077
1 7 --- 23817
6 316 --- 22466
6 40 --- 22264
11 138 --- 21566
6 90 --- 21288
6 136 --- 21189
3 64 --- 21175
2 11 --- 20826
6 69 --- 20439
1 27 --- 19793
6 205 --- 19482
2 3 --- 19438
3 77 --- 19283
6 446 --- 19240
11 90 --- 19057
6 294 --- 18949
6 303 --- 18936
6 215 --- 18842
6 438 --- 18380
11 40 --- 18029
11 316 --- 17837
6 135 --- 17689
11 136 --- 17215
11 69 --- 17035
6 87 --- 16874
7 218 --- 16864
11 438 --- 16620
7 87 --- 16499
6 987 --- 16430
7 83 --- 16171
6 278 --- 16050
11 205 --- 15855
11 135 --- 15819
11 303 --- 15788
11 215 --- 15548
3 138 --- 15546
6 737 --- 15501
1 64 --- 15390
6 273 --- 15270
3 294 --- 15246
6 56 --- 15151
6 269 --- 15038
11 446 --- 14981
7 148 --- 14851
1 4 --- 14645
27 205 --- 14511
7 205 --- 14246
1 77 --- 14142
3 83 --- 14138
11 87 --- 13836
6 490 --- 13512
27 87 --- 13491
11 56 --- 13483
27 218 --- 13436
148 987 --- 13316
6 314 --- 13281
11 987 --- 13191
6 897 --- 13068
1 55 --- 12963
27 83 --- 12872
7 897 --- 12748
11 278 --- 12631
11 737 --- 12606
11 273 --- 12555
6 504 --- 12555
1 138 --- 12450
6 512 --- 12413
3 316 --- 12342
6 25 --- 12218
6 49 --- 12209
27 148 --- 11964
64 218 --- 11921
11 269 --- 11847
6 364 --- 11755
6 73 --- 11502
77 218 --- 11457
11 294 --- 11412
11 512 --- 11095
1 90 --- 11087
6 155 --- 11066
11 314 --- 10991
11 49 --- 10899
27 278 --- 10850
7 278 --- 10785
11 25 --- 10756
11 897 --- 10740
6 378 --- 10722
1 2 --- 10708
64 148 --- 10683
1 83 --- 10659
6 423 --- 10651
218 987 --- 10623
3 40 --- 10512
3 490 --- 10496
3 136 --- 10493
11 364 --- 10372
77 148 --- 10354
6 14 --- 10349
3 446 --- 10305
27 897 --- 10270
90 218 --- 10198
11 504 --- 10109
6 32 --- 10100
3 69 --- 9968
7 32 --- 9894
11 155 --- 9893
6 667 --- 9879
6 254 --- 9744
27 49 --- 9695
6 229 --- 9677
11 423 --- 9661
6 361 --- 9651
90 148 --- 9616
3 215 --- 9613
28 32 --- 9569
3 205 --- 9415
6 379 --- 9413
1 136 --- 9398
3 90 --- 9382
6 28 --- 9314
1 40 --- 9268
3 303 --- 9193
7 28 --- 9190
138 218 --- 9149
218 303 --- 9085
6 747 --- 8992
1 316 --- 8927
3 278 --- 8907
1 303 --- 8860
11 254 --- 8767
3 73 --- 8689
11 361 --- 8687
6 321 --- 8665
1 135 --- 8660
7 77 --- 8532
6 916 --- 8530
11 378 --- 8520
6 85 --- 8509
148 303 --- 8498
7 64 --- 8498
11 229 --- 8492
7 85 --- 8472
11 379 --- 8446
11 667 --- 8421
25 218 --- 8390
6 46 --- 8389
6 21 --- 8379
11 32 --- 8363
11 14 --- 8321
1 438 --- 8306
40 218 --- 8282
3 438 --- 8228
83 218 --- 8216
3 87 --- 8192
6 86 --- 8185
6 1644 --- 8168
11 490 --- 8160
6 670 --- 8142
6 255 --- 8140
1 446 --- 8119
3 269 --- 8104
218 255 --- 8073
7 321 --- 8069
27 32 --- 8068
6 640 --- 8053
1 69 --- 8021
11 747 --- 7992
138 148 --- 7984
3 135 --- 7969
6 259 --- 7870
25 148 --- 7869
2 7 --- 7840
6 230 --- 7840
6 644 --- 7781
1 56 --- 7766
11 28 --- 7756
6 662 --- 7750
148 255 --- 7748
6 762 --- 7746
3 987 --- 7744
3 737 --- 7716
7 86 --- 7696
1 273 --- 7590
1 987 --- 7568
6 521 --- 7556
40 148 --- 7548
11 916 --- 7521
27 28 --- 7513
218 273 --- 7506
85 86 --- 7506
3 273 --- 7465
136 662 --- 7442
11 21 --- 7440
135 218 --- 7439
11 46 --- 7436
6 281 --- 7411
6 540 --- 7401
7 138 --- 7375
83 148 --- 7302
6 777 --- 7278
6 290 --- 7267
11 73 --- 7255
11 255 --- 7238
11 321 --- 7212
27 321 --- 7143
2 218 --- 7131
218 254 --- 7123
11 1644 --- 7123
218 316 --- 7082
11 259 --- 7075
6 260 --- 7069
218 512 --- 7050
6 506 --- 7022
11 230 --- 6997
136 218 --- 6987
6 514 --- 6976
6 494 --- 6973
6 357 --- 6971
1 269 --- 6971
6 89 --- 6968
6 91 --- 6959
6 142 --- 6957
6 491 --- 6929
11 762 --- 6927
1 215 --- 6926
27 64 --- 6918
6 1132 --- 6909
69 218 --- 6883
135 148 --- 6880
6 934 --- 6870
155 218 --- 6856
83 85 --- 6853
1 25 --- 6836
3 56 --- 6833
27 77 --- 6816
11 521 --- 6811
148 254 --- 6811
6 584 --- 6784
6 633 --- 6781
11 670 --- 6780
11 85 --- 6730
6 531 --- 6729
148 273 --- 6727
6 2952 --- 6715
218 364 --- 6715
4 7 --- 6693
1 205 --- 6692
218 504 --- 6687
148 512 --- 6666
55 218 --- 6659
1 512 --- 6649
4 218 --- 6648
11 540 --- 6629
56 218 --- 6627
6 1025 --- 6579
11 777 --- 6579
6 522 --- 6543
11 281 --- 6529
11 506 --- 6529
11 640 --- 6515
218 438 --- 6508
218 446 --- 6502
83 86 --- 6501
11 86 --- 6463
11 662 --- 6458
6 993 --- 6457
148 155 --- 6443
148 316 --- 6437
218 229 --- 6419
11 644 --- 6402
3 504 --- 6401
1 364 --- 6393
6 71 --- 6393
3 314 --- 6392
64 77 --- 6386
6 265 --- 6359
7 934 --- 6336
3 897 --- 6333
11 260 --- 6330
6 492 --- 6329
6 45 --- 6318
11 514 --- 6317
148 364 --- 6305
1 155 --- 6291
11 357 --- 6259
11 1132 --- 6246
6 233 --- 6246
136 148 --- 6215
6 1838 --- 6213
2 148 --- 6212
11 491 --- 6210
218 269 --- 6201
56 148 --- 6185
11 89 --- 6185
69 148 --- 6147
148 438 --- 6145
11 142 --- 6126
11 494 --- 6110
11 2952 --- 6099
6 435 --- 6092
1 737 --- 6091
148 504 --- 6066
6 537 --- 6064
27 215 --- 6063
11 531 --- 6055
7 55 --- 6035
27 85 --- 6035
6 473 --- 6028
6 237 --- 6016
6 470 --- 6007
11 290 --- 6006
1 294 --- 5996
148 229 --- 5974
6 235 --- 5955
1 314 --- 5948
1 504 --- 5941
6 845 --- 5928
6 358 --- 5897
11 522 --- 5897
6 686 --- 5873
11 45 --- 5847
11 1025 --- 5845
205 215 --- 5832
7 49 --- 5827
6 158 --- 5818
83 87 --- 5809
87 897 --- 5793
7 215 --- 5791
6 568 --- 5790
148 446 --- 5771
2 27 --- 5771
218 747 --- 5769
1 278 --- 5733
11 934 --- 5728
11 233 --- 5700
7 265 --- 5699
6 829 --- 5696
6 12 --- 5653
148 269 --- 5650
6 1144 --- 5638
6 632 --- 5634
1 87 --- 5599
6 246 --- 5590
11 633 --- 5580
40 77 --- 5579
3 512 --- 5571
11 71 --- 5569
27 86 --- 5569
215 218 --- 5566
6 434 --- 5564
6 2072 --- 5561
27 138 --- 5556
3 49 --- 5552
11 537 --- 5551
1 254 --- 5547
6 866 --- 5533
11 492 --- 5507
11 1838 --- 5503
11 470 --- 5486
7 69 --- 5482
6 678 --- 5470
3 25 --- 5468
6 1956 --- 5458
11 435 --- 5452
11 473 --- 5452
148 747 --- 5442
6 555 --- 5420
1 229 --- 5407
11 237 --- 5407
4 27 --- 5398
6 1141 --- 5397
71 77 --- 5386
11 235 --- 5378
11 584 --- 5378
6 773 --- 5374
11 568 --- 5357
218 314 --- 5354
64 670 --- 5353
6 354 --- 5347
11 845 --- 5336
6 306 --- 5330
27 934 --- 5328
7 90 --- 5320
6 1810 --- 5313
3 364 --- 5267
55 148 --- 5263
218 361 --- 5259
6 397 --- 5254
11 686 --- 5254
11 265 --- 5249
11 158 --- 5244
7 136 --- 5224
6 220 --- 5214
6 582 --- 5196
4 148 --- 5196
273 303 --- 5192
205 218 --- 5191
11 358 --- 5190
6 1019 --- 5187
1 379 --- 5187
6 324 --- 5183
205 1956 --- 5176
1 423 --- 5176
6 232 --- 5167
11 12 --- 5160
77 138 --- 5147
6 598 --- 5132
3 14 --- 5125
6 455 --- 5123
1 747 --- 5115
6 338 --- 5110
218 230 --- 5106
6 659 --- 5082
148 215 --- 5081
3 378 --- 5070
6 775 --- 5067
11 2072 --- 5064
6 573 --- 5057
11 829 --- 5046
6 151 --- 5036
6 339 --- 5024
148 361 --- 5007
6 448 --- 5004
